<?xml version="1.0"?>
<opencv_storage>
<calibration_Time>"05/18/14 17:57:01"</calibration_Time>
<nrOfFrames>25</nrOfFrames>
<image_Width>640</image_Width>
<image_Height>480</image_Height>
<board_Width>11</board_Width>
<board_Height>7</board_Height>
<square_Size>30.</square_Size>
<FixAspectRatio>1.</FixAspectRatio>
<!-- flags:  +fix_aspectRatio +fix_principal_point +zero_tangent_dist -->
<flagValue>14</flagValue>
<Camera_Matrix type_id="opencv-matrix">
  <rows>3</rows>
  <cols>3</cols>
  <dt>d</dt>
  <data>
    7.1097308604129285e+002 0. 3.1950000000000000e+002 0.
    7.1097308604129285e+002 2.3950000000000000e+002 0. 0. 1.</data></Camera_Matrix>
<Distortion_Coefficients type_id="opencv-matrix">
  <rows>5</rows>
  <cols>1</cols>
  <dt>d</dt>
  <data>
    1.1727821859517051e-001 -3.6813067787530235e-001 0. 0.
    -1.3756966861290054e+000</data></Distortion_Coefficients>
<Avg_Reprojection_Error>6.1136438432553242e-001</Avg_Reprojection_Error>
<Per_View_Reprojection_Errors type_id="opencv-matrix">
  <rows>25</rows>
  <cols>1</cols>
  <dt>f</dt>
  <data>
    1.03910780e+000 6.65088296e-001 3.52031052e-001 3.49779040e-001
    1.75239325e-001 3.12201560e-001 3.46854359e-001 3.90748382e-001
    2.92495370e-001 3.60662967e-001 3.56278688e-001 4.68693167e-001
    5.76291084e-001 5.95405459e-001 5.41979969e-001 6.56531036e-001
    4.88357455e-001 5.93633711e-001 1.63181901e+000 9.86862779e-001
    5.62512279e-001 5.60475171e-001 3.22286516e-001 3.98508698e-001
    2.83092916e-001</data></Per_View_Reprojection_Errors>
<!-- a set of 6-tuples (rotation vector + translation vector) for each view -->
<Extrinsic_Parameters type_id="opencv-matrix">
  <rows>25</rows>
  <cols>6</cols>
  <dt>d</dt>
  <data>
    -1.7242064998469692e-001 6.1028922591353385e-001
    3.0014642661850726e+000 1.8011967871295155e+002
    1.8053250218798979e+002 6.6244893650159872e+002
    7.1256958759169958e-002 4.7334743924023376e-001
    3.0632841505124322e+000 1.3138164245894461e+002
    1.3511701019170613e+002 6.3278478850174338e+002
    -2.0036198574816147e-001 4.4593832251391347e-001
    3.0015355191494693e+000 1.8132878400487405e+002
    1.4128045608398727e+002 6.9814932086991917e+002
    9.6856660128949668e-002 3.5312279199111790e-001
    3.0460590999681703e+000 1.3782967910924683e+002
    9.2092763024217902e+001 6.5960303887802013e+002
    -9.3842791565860659e-002 5.5878914084788865e-002
    2.5649356316405547e+000 2.6821225714709504e+002
    3.8505355808281770e+001 8.5139240808565228e+002
    1.9018944886322184e-001 5.0516965115690649e-002
    2.5700249365541272e+000 2.5045643552304983e+002
    -2.0770649124458057e+001 7.8094847707127815e+002
    -1.9063547962009661e-001 3.2976160014187256e-001
    3.0405977005678624e+000 2.0658697034597350e+002
    1.7607991819466301e+002 6.9310753227967825e+002
    1.0716146446264926e-001 2.3302846676377009e-001
    3.0733019853368395e+000 1.6214873473587716e+002
    1.2735447480650230e+002 6.5184583575856277e+002
    -1.7867656161547871e-001 1.1330110471888048e-001
    3.0660828608314743e+000 1.8736363494318914e+002
    1.8151359679190546e+002 6.7837799595867125e+002
    1.3099166757528424e-001 1.8519399869373749e-002
    3.0775131673210523e+000 1.4098396446969639e+002
    1.3390675851149464e+002 6.4212748233161813e+002
    -1.8173379010184224e-001 9.3510996671879357e-002
    3.0729409112234460e+000 1.8865348241027962e+002
    1.2659910460542042e+002 6.4429681686262256e+002
    1.2053584694828545e-001 8.9306436505272625e-003
    3.0830640368969822e+000 1.3587739465842978e+002
    8.1725377836846334e+001 6.0406857872599846e+002
    -1.3275494184927955e-001 1.5416488830628894e+000
    2.5875148286216834e+000 1.7999274352213683e+002
    1.3968789821617526e+002 5.6674894369451818e+002
    1.1831763855342785e-001 1.4964059148384343e+000
    2.7259378872646236e+000 1.1345408140587129e+002
    1.0088794680343207e+002 5.3317482342292897e+002
    5.3672388310964159e-001 6.1862753114014324e-001
    2.6738681403715914e+000 2.4229014381117986e+002
    9.9758920377256501e+001 6.2774095798163444e+002
    8.1124975160463808e-001 5.6382243933489962e-001
    2.6799795706186931e+000 1.8596207178453591e+002
    5.6937276967382822e+001 5.7787440934232336e+002
    4.8377299467075685e-001 6.7591948733531193e-001
    2.6744947344489720e+000 2.5092698468242838e+002
    9.2811162873643838e+001 6.4033253183533930e+002
    7.5775978563303437e-001 6.2209619458716925e-001
    2.6894280181442705e+000 1.9670243436000285e+002
    4.9161239510678080e+001 5.8741239548596252e+002
    -2.1276060037186037e-001 5.7899588830169324e-001
    2.9904779219235551e+000 1.8470000159017636e+002
    1.2836474906106443e+002 5.3139199451640764e+002
    2.5837177830693257e-002 4.8017179067898080e-001
    3.0449233778916414e+000 1.1252002336719953e+002
    9.7128941204599698e+001 4.9434097531401460e+002
    -1.7891886766597806e-001 1.1922525830273116e+000
    2.7912360119923210e+000 1.8261592257005844e+002
    8.7037899701070771e+001 5.0683152276695796e+002
    9.1514317836192641e-002 1.1163513121290056e+000
    2.9038576552911453e+000 1.0523677582568305e+002
    5.2846340404949792e+001 4.7002011746509027e+002
    -1.9510579954146328e-002 8.2926488277853716e-001
    2.4557206850068440e+000 2.3504504502747920e+002
    1.6565499123084958e+001 7.3676830772168182e+002
    2.4125684818357479e-001 8.1375229755777212e-001
    2.5175982331499474e+000 1.9761620261567188e+002
    -3.4708145139085389e+001 6.7773173950967112e+002
    -6.0451837276332965e-001 5.9320222895849137e-002
    1.2165830040924410e+000 2.6411480229557913e+001
    -8.0586889878146735e+001 1.0361865717024421e+003</data></Extrinsic_Parameters>
